0 0.192188 0.962500 0.192188 0.967187 0.193750 0.967187 0.193750 0.962500
0 0.200000 0.942187 0.200000 0.945312 0.201563 0.946875 0.201563 0.942187
0 0.137500 0.868750 0.131250 0.875000 0.131250 0.876563 0.129688 0.878125 0.129688 0.887500 0.125000 0.892188 0.125000 0.898438 0.126562 0.900000 0.126562 0.907813 0.128125 0.909375 0.128125 0.910937 0.126562 0.912500 0.126562 0.921875 0.128125 0.923438 0.128125 0.926562 0.129688 0.928125 0.129688 0.929688 0.131250 0.931250 0.131250 0.932813 0.132812 0.934375 0.132812 0.946875 0.131250 0.948438 0.131250 0.950000 0.132812 0.951562 0.132812 0.957812 0.135937 0.957812 0.137500 0.956250 0.143750 0.956250 0.145313 0.954688 0.146875 0.954688 0.148438 0.953125 0.148438 0.951562 0.150000 0.950000 0.150000 0.943750 0.148438 0.942187 0.150000 0.940625 0.150000 0.939063 0.151562 0.937500 0.150000 0.935937 0.150000 0.934375 0.151562 0.932813 0.151562 0.931250 0.153125 0.929688 0.153125 0.928125 0.154688 0.926562 0.154688 0.920312 0.157812 0.917188 0.157812 0.915625 0.159375 0.914062 0.159375 0.910937 0.160938 0.909375 0.160938 0.893750 0.159375 0.892188 0.156250 0.892188 0.151562 0.887500 0.151562 0.885938 0.150000 0.884375 0.150000 0.882812 0.148438 0.881250 0.148438 0.875000 0.146875 0.875000 0.140625 0.868750
0 0.137500 0.850000 0.137500 0.854688 0.143750 0.854688 0.143750 0.851562 0.140625 0.851562 0.139063 0.850000
0 0.139063 0.840625 0.139063 0.845313 0.140625 0.845313 0.142187 0.843750 0.142187 0.840625
0 0.157812 0.804688 0.157812 0.806250 0.159375 0.807813 0.156250 0.810937 0.156250 0.817187 0.157812 0.818750 0.165625 0.818750 0.167187 0.820312 0.170313 0.820312 0.171875 0.818750 0.171875 0.814063 0.170313 0.812500 0.170313 0.807813 0.168750 0.806250 0.168750 0.804688 0.167187 0.804688 0.167187 0.806250 0.164062 0.809375 0.162500 0.807813 0.159375 0.807813 0.157812 0.806250
0 0.185938 0.754687 0.185938 0.757812 0.184375 0.759375 0.192188 0.767188 0.193750 0.767188 0.192188 0.765625 0.192188 0.762500 0.190625 0.760938 0.190625 0.757812 0.187500 0.754687
0 0.664062 0.748437 0.664062 0.751563 0.662500 0.753125 0.662500 0.754687 0.664062 0.756250 0.664062 0.759375 0.662500 0.760938 0.660937 0.760938 0.660937 0.767188 0.659375 0.768750 0.657813 0.768750 0.656250 0.770312 0.656250 0.776563 0.657813 0.778125 0.656250 0.779687 0.656250 0.781250 0.654687 0.782813 0.654687 0.789062 0.651563 0.792188 0.651563 0.796875 0.653125 0.798438 0.653125 0.800000 0.651563 0.801562 0.651563 0.803125 0.653125 0.804688 0.653125 0.807813 0.651563 0.809375 0.653125 0.810937 0.653125 0.812500 0.654687 0.814063 0.654687 0.815625 0.656250 0.817187 0.656250 0.820312 0.654687 0.821875 0.654687 0.823438 0.653125 0.825000 0.653125 0.831250 0.651563 0.832812 0.651563 0.835938 0.653125 0.837500 0.654687 0.837500 0.654687 0.835938 0.657813 0.832812 0.657813 0.831250 0.659375 0.829688 0.659375 0.825000 0.662500 0.821875 0.662500 0.820312 0.660937 0.818750 0.660937 0.814063 0.662500 0.812500 0.662500 0.807813 0.665625 0.804688 0.665625 0.803125 0.668750 0.800000 0.668750 0.792188 0.667188 0.790625 0.667188 0.787500 0.668750 0.785937 0.668750 0.781250 0.670312 0.779687 0.671875 0.779687 0.671875 0.775000 0.673438 0.773438 0.673438 0.771875 0.668750 0.767188 0.668750 0.765625 0.667188 0.764062 0.667188 0.760938 0.665625 0.759375 0.665625 0.757812 0.667188 0.756250 0.668750 0.756250 0.668750 0.748437
0 0.145313 0.732812 0.143750 0.734375 0.142187 0.734375 0.140625 0.735938 0.140625 0.737500 0.139063 0.739062 0.139063 0.740625 0.137500 0.742188 0.137500 0.743750 0.135937 0.745313 0.135937 0.746875 0.137500 0.748437 0.135937 0.750000 0.135937 0.754687 0.137500 0.756250 0.135937 0.757812 0.135937 0.768750 0.137500 0.770312 0.137500 0.778125 0.139063 0.779687 0.140625 0.779687 0.142187 0.781250 0.143750 0.781250 0.145313 0.782813 0.146875 0.782813 0.150000 0.785937 0.151562 0.785937 0.153125 0.787500 0.153125 0.790625 0.156250 0.793750 0.159375 0.793750 0.160938 0.792188 0.165625 0.792188 0.167187 0.790625 0.165625 0.789062 0.165625 0.775000 0.164062 0.773438 0.164062 0.770312 0.162500 0.768750 0.162500 0.765625 0.160938 0.764062 0.160938 0.750000 0.159375 0.748437 0.159375 0.746875 0.156250 0.743750 0.156250 0.742188 0.154688 0.740625 0.154688 0.739062 0.151562 0.739062
0 0.021875 0.242188 0.020313 0.243750 0.020313 0.260937 0.018750 0.262500 0.018750 0.264062 0.020313 0.265625 0.020313 0.285938 0.018750 0.287500 0.018750 0.303125 0.017188 0.304688 0.017188 0.325000 0.015625 0.326562 0.015625 0.340625 0.017188 0.342187 0.017188 0.348438 0.015625 0.350000 0.015625 0.351562 0.014063 0.353125 0.014063 0.392188 0.012500 0.393750 0.012500 0.415625 0.010937 0.417187 0.010937 0.439063 0.012500 0.440625 0.012500 0.451562 0.010937 0.453125 0.010937 0.454688 0.009375 0.456250 0.009375 0.459375 0.007812 0.460938 0.007812 0.475000 0.009375 0.476562 0.009375 0.482812 0.007812 0.484375 0.007812 0.581250 0.009375 0.582812 0.009375 0.685937 0.010937 0.687500 0.010937 0.792188 0.012500 0.793750 0.012500 0.896875 0.014063 0.898438 0.014063 0.962500 0.026562 0.962500 0.028125 0.964063 0.050000 0.964063 0.051562 0.965625 0.073438 0.965625 0.079687 0.959375 0.084375 0.959375 0.085938 0.960938 0.093750 0.960938 0.095312 0.962500 0.098437 0.962500 0.100000 0.960938 0.101562 0.960938 0.103125 0.959375 0.104688 0.959375 0.104688 0.957812 0.107813 0.954688 0.107813 0.953125 0.109375 0.951562 0.109375 0.950000 0.110937 0.948438 0.110937 0.945312 0.109375 0.943750 0.109375 0.940625 0.107813 0.939063 0.107813 0.935937 0.109375 0.934375 0.107813 0.932813 0.107813 0.923438 0.104688 0.920312 0.104688 0.918750 0.103125 0.917188 0.103125 0.912500 0.104688 0.910937 0.103125 0.909375 0.103125 0.900000 0.101562 0.898438 0.101562 0.896875 0.100000 0.895312 0.100000 0.893750 0.096875 0.890625 0.096875 0.889062 0.101562 0.884375 0.101562 0.882812 0.103125 0.881250 0.103125 0.876563 0.104688 0.875000 0.104688 0.873437 0.106250 0.871875 0.106250 0.870313 0.104688 0.868750 0.103125 0.868750 0.101562 0.867188 0.103125 0.865625 0.103125 0.864062 0.100000 0.860938 0.098437 0.860938 0.096875 0.859375 0.096875 0.857812 0.098437 0.856250 0.098437 0.854688 0.100000 0.853125 0.100000 0.845313 0.101562 0.843750 0.101562 0.817187 0.103125 0.815625 0.103125 0.801562 0.104688 0.800000 0.104688 0.795312 0.103125 0.793750 0.103125 0.790625 0.101562 0.789062 0.101562 0.782813 0.100000 0.782813 0.093750 0.776563 0.092188 0.776563 0.090625 0.775000 0.090625 0.773438 0.085938 0.773438 0.084375 0.771875 0.082812 0.771875 0.081250 0.770312 0.078125 0.770312 0.075000 0.767188 0.073438 0.767188 0.071875 0.765625 0.070312 0.765625 0.068750 0.764062 0.068750 0.760938 0.067187 0.760938 0.065625 0.759375 0.062500 0.759375 0.057813 0.754687 0.056250 0.754687 0.054688 0.753125 0.051562 0.753125 0.046875 0.748437 0.046875 0.746875 0.045312 0.745313 0.045312 0.743750 0.043750 0.742188 0.043750 0.740625 0.040625 0.737500 0.039062 0.737500 0.037500 0.735938 0.037500 0.734375 0.034375 0.731250 0.034375 0.729688 0.032813 0.728125 0.032813 0.726562 0.031250 0.725000 0.031250 0.721875 0.028125 0.718750 0.028125 0.709375 0.029687 0.707812 0.028125 0.706250 0.028125 0.700000 0.029687 0.698438 0.029687 0.687500 0.032813 0.684375 0.034375 0.684375 0.034375 0.682813 0.035937 0.681250 0.039062 0.681250 0.040625 0.682813 0.040625 0.684375 0.042188 0.684375 0.046875 0.689063 0.046875 0.701562 0.048438 0.703125 0.048438 0.707812 0.046875 0.709375 0.048438 0.710938 0.048438 0.714063 0.046875 0.715625 0.046875 0.718750 0.048438 0.720313 0.048438 0.723437 0.051562 0.723437 0.053125 0.725000 0.054688 0.725000 0.056250 0.726562 0.057813 0.726562 0.059375 0.728125 0.059375 0.729688 0.060937 0.731250 0.062500 0.731250 0.064062 0.732812 0.064062 0.734375 0.067187 0.737500 0.071875 0.737500 0.073438 0.739062 0.076563 0.739062 0.078125 0.740625 0.079687 0.740625 0.081250 0.742188 0.084375 0.739062 0.087500 0.742188 0.089063 0.742188 0.090625 0.743750 0.090625 0.742188 0.092188 0.740625 0.092188 0.734375 0.093750 0.732812 0.093750 0.731250 0.095312 0.729688 0.095312 0.704688 0.093750 0.703125 0.093750 0.696875 0.092188 0.695312 0.092188 0.693750 0.090625 0.692187 0.090625 0.685937 0.089063 0.684375 0.089063 0.679688 0.087500 0.678125 0.087500 0.667188 0.090625 0.664062 0.090625 0.643750 0.092188 0.642188 0.092188 0.637500 0.093750 0.635938 0.092188 0.634375 0.092188 0.632812 0.093750 0.631250 0.095312 0.631250 0.096875 0.632812 0.098437 0.632812 0.100000 0.634375 0.100000 0.637500 0.106250 0.643750 0.107813 0.643750 0.109375 0.642188 0.109375 0.640625 0.118750 0.631250 0.120313 0.631250 0.121875 0.629687 0.125000 0.629687 0.129688 0.625000 0.131250 0.625000 0.137500 0.618750 0.139063 0.618750 0.140625 0.620313 0.140625 0.621875 0.142187 0.623437 0.145313 0.623437 0.146875 0.625000 0.146875 0.626563 0.150000 0.629687 0.150000 0.631250 0.151562 0.631250 0.154688 0.634375 0.154688 0.635938 0.156250 0.637500 0.156250 0.639062 0.159375 0.642188 0.159375 0.643750 0.160938 0.645312 0.159375 0.646875 0.159375 0.648438 0.160938 0.650000 0.160938 0.654687 0.159375 0.656250 0.159375 0.660937 0.157812 0.662500 0.156250 0.662500 0.154688 0.664062 0.154688 0.665625 0.153125 0.667188 0.151562 0.667188 0.145313 0.673438 0.145313 0.675000 0.143750 0.676562 0.143750 0.687500 0.145313 0.689063 0.143750 0.690625 0.143750 0.696875 0.145313 0.698438 0.145313 0.700000 0.146875 0.701562 0.146875 0.709375 0.150000 0.709375 0.153125 0.706250 0.153125 0.703125 0.154688 0.701562 0.157812 0.701562 0.162500 0.696875 0.167187 0.696875 0.168750 0.698438 0.170313 0.698438 0.171875 0.700000 0.171875 0.701562 0.176563 0.706250 0.178125 0.706250 0.179688 0.707812 0.179688 0.709375 0.181250 0.710938 0.182812 0.710938 0.184375 0.712500 0.185938 0.712500 0.189062 0.715625 0.189062 0.720313 0.187500 0.721875 0.187500 0.723437 0.192188 0.723437 0.195312 0.720313 0.196875 0.720313 0.200000 0.717187 0.201563 0.717187 0.206250 0.712500 0.207813 0.712500 0.207813 0.707812 0.212500 0.703125 0.214062 0.704688 0.215625 0.704688 0.217188 0.706250 0.217188 0.707812 0.215625 0.709375 0.215625 0.710938 0.215625 0.709375 0.217188 0.707812 0.220312 0.707812 0.223438 0.704688 0.223438 0.701562 0.225000 0.700000 0.225000 0.695312 0.231250 0.689063 0.231250 0.687500 0.232813 0.685937 0.231250 0.684375 0.232813 0.682813 0.232813 0.673438 0.235937 0.670312 0.235937 0.662500 0.237500 0.660937 0.237500 0.656250 0.240625 0.653125 0.240625 0.651563 0.242188 0.650000 0.242188 0.648438 0.243750 0.646875 0.243750 0.643750 0.245312 0.642188 0.245312 0.635938 0.246875 0.634375 0.248438 0.634375 0.250000 0.632812 0.251563 0.632812 0.251563 0.631250 0.256250 0.626563 0.256250 0.625000 0.254688 0.623437 0.254688 0.621875 0.256250 0.620313 0.257812 0.620313 0.259375 0.618750 0.259375 0.615625 0.260937 0.614062 0.262500 0.614062 0.262500 0.612500 0.264062 0.610938 0.264062 0.609375 0.265625 0.607812 0.267188 0.607812 0.268750 0.606250 0.281250 0.606250 0.282813 0.604688 0.282813 0.603125 0.284375 0.601562 0.287500 0.601562 0.290625 0.598437 0.292187 0.598437 0.293750 0.596875 0.295312 0.596875 0.296875 0.598437 0.296875 0.601562 0.301563 0.606250 0.301563 0.609375 0.303125 0.610938 0.303125 0.612500 0.304688 0.614062 0.304688 0.615625 0.306250 0.617188 0.304688 0.618750 0.304688 0.626563 0.306250 0.628125 0.304688 0.629687 0.304688 0.634375 0.306250 0.635938 0.306250 0.642188 0.304688 0.643750 0.304688 0.648438 0.306250 0.650000 0.306250 0.651563 0.304688 0.653125 0.300000 0.653125 0.298438 0.651563 0.295312 0.651563 0.293750 0.650000 0.292187 0.650000 0.287500 0.645312 0.284375 0.645312 0.281250 0.642188 0.281250 0.639062 0.279687 0.639062 0.278125 0.637500 0.276562 0.637500 0.275000 0.635938 0.271875 0.635938 0.270313 0.634375 0.268750 0.634375 0.267188 0.635938 0.267188 0.640625 0.264062 0.643750 0.259375 0.643750 0.256250 0.640625 0.256250 0.639062 0.254688 0.637500 0.254688 0.639062 0.253125 0.640625 0.253125 0.642188 0.254688 0.643750 0.254688 0.648438 0.253125 0.650000 0.253125 0.653125 0.251563 0.654687 0.251563 0.664062 0.250000 0.665625 0.250000 0.671875 0.248438 0.673438 0.248438 0.676562 0.246875 0.678125 0.246875 0.682813 0.245312 0.684375 0.245312 0.693750 0.243750 0.695312 0.243750 0.703125 0.242188 0.704688 0.242188 0.710938 0.239063 0.714063 0.239063 0.715625 0.235937 0.718750 0.237500 0.720313 0.237500 0.721875 0.239063 0.723437 0.239063 0.728125 0.240625 0.729688 0.240625 0.735938 0.242188 0.737500 0.240625 0.739062 0.240625 0.756250 0.242188 0.756250 0.243750 0.757812 0.243750 0.759375 0.245312 0.760938 0.243750 0.762500 0.243750 0.767188 0.242188 0.768750 0.242188 0.771875 0.240625 0.773438 0.240625 0.775000 0.239063 0.776563 0.239063 0.779687 0.237500 0.781250 0.237500 0.782813 0.235937 0.784375 0.235937 0.793750 0.237500 0.795312 0.237500 0.801562 0.235937 0.803125 0.235937 0.804688 0.234375 0.806250 0.232813 0.806250 0.229687 0.809375 0.229687 0.810937 0.228125 0.812500 0.228125 0.815625 0.225000 0.818750 0.225000 0.820312 0.223438 0.821875 0.225000 0.823438 0.225000 0.825000 0.221875 0.828125 0.221875 0.839063 0.225000 0.839063 0.226562 0.840625 0.226562 0.846875 0.229687 0.846875 0.231250 0.845313 0.232813 0.846875 0.234375 0.846875 0.235937 0.848437 0.239063 0.848437 0.242188 0.851562 0.242188 0.853125 0.243750 0.853125 0.246875 0.856250 0.246875 0.857812 0.253125 0.864062 0.253125 0.868750 0.251563 0.870313 0.248438 0.870313 0.243750 0.875000 0.240625 0.875000 0.239063 0.876563 0.235937 0.876563 0.234375 0.878125 0.231250 0.878125 0.229687 0.879687 0.226562 0.879687 0.225000 0.878125 0.210938 0.878125 0.209375 0.876563 0.201563 0.876563 0.200000 0.875000 0.192188 0.875000 0.187500 0.879687 0.185938 0.878125 0.184375 0.879687 0.182812 0.879687 0.182812 0.881250 0.179688 0.884375 0.178125 0.884375 0.178125 0.887500 0.179688 0.889062 0.179688 0.893750 0.178125 0.895312 0.176563 0.895312 0.176563 0.901563 0.175000 0.903125 0.175000 0.906250 0.171875 0.909375 0.171875 0.912500 0.173437 0.912500 0.175000 0.914062 0.175000 0.920312 0.171875 0.923438 0.170313 0.921875 0.168750 0.921875 0.168750 0.923438 0.167187 0.925000 0.167187 0.932813 0.168750 0.934375 0.168750 0.937500 0.171875 0.940625 0.171875 0.945312 0.170313 0.946875 0.170313 0.948438 0.171875 0.950000 0.170313 0.951562 0.164062 0.951562 0.164062 0.956250 0.165625 0.956250 0.168750 0.959375 0.168750 0.960938 0.171875 0.964063 0.173437 0.964063 0.175000 0.962500 0.176563 0.962500 0.178125 0.964063 0.179688 0.964063 0.181250 0.962500 0.181250 0.960938 0.178125 0.957812 0.178125 0.954688 0.179688 0.953125 0.179688 0.951562 0.182812 0.948438 0.185938 0.948438 0.185938 0.946875 0.187500 0.945312 0.189062 0.945312 0.190625 0.946875 0.190625 0.945312 0.193750 0.942187 0.193750 0.940625 0.195312 0.939063 0.196875 0.939063 0.198437 0.937500 0.198437 0.935937 0.203125 0.931250 0.203125 0.925000 0.204687 0.923438 0.204687 0.918750 0.207813 0.915625 0.209375 0.917188 0.209375 0.928125 0.210938 0.929688 0.212500 0.928125 0.212500 0.926562 0.214062 0.925000 0.215625 0.926562 0.215625 0.928125 0.217188 0.929688 0.217188 0.931250 0.223438 0.937500 0.223438 0.942187 0.226562 0.945312 0.226562 0.946875 0.228125 0.948438 0.228125 0.960938 0.225000 0.964063 0.226562 0.965625 0.226562 0.970313 0.228125 0.971875 0.228125 0.973437 0.229687 0.975000 0.235937 0.975000 0.237500 0.976562 0.242188 0.976562 0.246875 0.971875 0.246875 0.970313 0.250000 0.967187 0.250000 0.964063 0.253125 0.960938 0.254688 0.960938 0.262500 0.953125 0.262500 0.951562 0.265625 0.948438 0.268750 0.948438 0.270313 0.946875 0.273438 0.946875 0.275000 0.948438 0.278125 0.945312 0.278125 0.943750 0.279687 0.942187 0.273438 0.935937 0.273438 0.934375 0.271875 0.932813 0.271875 0.926562 0.273438 0.925000 0.276562 0.925000 0.276562 0.923438 0.278125 0.921875 0.278125 0.920312 0.281250 0.917188 0.284375 0.917188 0.279687 0.912500 0.281250 0.910937 0.281250 0.909375 0.282813 0.907813 0.285938 0.907813 0.287500 0.906250 0.285938 0.904687 0.285938 0.898438 0.284375 0.896875 0.285938 0.895312 0.285938 0.892188 0.284375 0.890625 0.285938 0.889062 0.285938 0.887500 0.289062 0.884375 0.289062 0.879687 0.287500 0.878125 0.290625 0.875000 0.290625 0.873437 0.292187 0.871875 0.295312 0.875000 0.295312 0.876563 0.300000 0.881250 0.300000 0.882812 0.298438 0.884375 0.298438 0.887500 0.301563 0.887500 0.303125 0.885938 0.304688 0.887500 0.309375 0.887500 0.310937 0.889062 0.317188 0.889062 0.318750 0.887500 0.320312 0.889062 0.320312 0.890625 0.321875 0.890625 0.323437 0.892188 0.323437 0.893750 0.325000 0.895312 0.325000 0.900000 0.326562 0.901563 0.326562 0.904687 0.325000 0.906250 0.325000 0.907813 0.323437 0.909375 0.315625 0.909375 0.314063 0.910937 0.314063 0.912500 0.312500 0.914062 0.310937 0.914062 0.309375 0.915625 0.306250 0.915625 0.304688 0.917188 0.303125 0.917188 0.303125 0.920312 0.298438 0.925000 0.298438 0.929688 0.296875 0.931250 0.295312 0.929688 0.295312 0.928125 0.293750 0.926562 0.293750 0.939063 0.290625 0.942187 0.290625 0.945312 0.287500 0.948438 0.287500 0.950000 0.289062 0.951562 0.289062 0.964063 0.287500 0.965625 0.287500 0.967187 0.285938 0.968750 0.287500 0.970313 0.287500 0.975000 0.289062 0.976562 0.289062 0.978125 0.292187 0.981250 0.292187 0.982812 0.295312 0.982812 0.296875 0.984375 0.317188 0.984375 0.318750 0.985938 0.326562 0.985938 0.328125 0.987500 0.342187 0.987500 0.343750 0.989062 0.364063 0.989062 0.365625 0.990625 0.385937 0.990625 0.387500 0.992188 0.406250 0.992188 0.407813 0.993750 0.429688 0.993750 0.431250 0.995313 0.451562 0.995313 0.453125 0.996875 0.454688 0.995313 0.456250 0.995313 0.457813 0.993750 0.462500 0.993750 0.464062 0.995313 0.465625 0.995313 0.467187 0.996875 0.473438 0.996875 0.475000 0.998437 0.487500 0.998437 0.489063 0.996875 0.490625 0.996875 0.492188 0.995313 0.493750 0.995313 0.496875 0.992188 0.496875 0.982812 0.495312 0.981250 0.495312 0.973437 0.493750 0.971875 0.493750 0.968750 0.490625 0.965625 0.490625 0.964063 0.479687 0.964063 0.475000 0.959375 0.473438 0.959375 0.471875 0.957812 0.471875 0.956250 0.468750 0.953125 0.468750 0.948438 0.467187 0.946875 0.467187 0.943750 0.468750 0.942187 0.468750 0.931250 0.471875 0.928125 0.471875 0.921875 0.473438 0.920312 0.473438 0.917188 0.475000 0.915625 0.476562 0.915625 0.476562 0.914062 0.478125 0.912500 0.478125 0.910937 0.479687 0.909375 0.479687 0.907813 0.482812 0.904687 0.482812 0.903125 0.484375 0.901563 0.485938 0.901563 0.485938 0.900000 0.489063 0.896875 0.496875 0.896875 0.509375 0.909375 0.509375 0.912500 0.510938 0.914062 0.510938 0.915625 0.512500 0.917188 0.512500 0.920312 0.514062 0.921875 0.514062 0.923438 0.515625 0.925000 0.515625 0.931250 0.517188 0.931250 0.518750 0.932813 0.518750 0.934375 0.520312 0.934375 0.521875 0.935937 0.521875 0.942187 0.523438 0.943750 0.523438 0.946875 0.525000 0.948438 0.525000 0.950000 0.521875 0.953125 0.521875 0.959375 0.523438 0.959375 0.525000 0.957812 0.525000 0.953125 0.526563 0.951562 0.526563 0.950000 0.528125 0.948438 0.531250 0.948438 0.531250 0.946875 0.529687 0.945312 0.529687 0.943750 0.528125 0.942187 0.528125 0.935937 0.529687 0.934375 0.529687 0.932813 0.531250 0.931250 0.532813 0.931250 0.535937 0.928125 0.540625 0.928125 0.545312 0.923438 0.546875 0.923438 0.548438 0.921875 0.554688 0.921875 0.557813 0.925000 0.557813 0.926562 0.553125 0.931250 0.554688 0.932813 0.554688 0.939063 0.553125 0.940625 0.553125 0.942187 0.551562 0.943750 0.550000 0.943750 0.550000 0.948438 0.554688 0.948438 0.556250 0.950000 0.556250 0.951562 0.553125 0.954688 0.551562 0.954688 0.551562 0.957812 0.554688 0.960938 0.557813 0.960938 0.559375 0.959375 0.560937 0.959375 0.562500 0.960938 0.565625 0.960938 0.567187 0.962500 0.568750 0.960938 0.570312 0.960938 0.570312 0.959375 0.581250 0.948438 0.581250 0.946875 0.582812 0.945312 0.582812 0.943750 0.584375 0.942187 0.584375 0.937500 0.582812 0.935937 0.582812 0.934375 0.584375 0.932813 0.584375 0.928125 0.582812 0.926562 0.582812 0.925000 0.581250 0.923438 0.581250 0.920312 0.579688 0.918750 0.575000 0.918750 0.573438 0.920312 0.570312 0.920312 0.567187 0.917188 0.565625 0.917188 0.565625 0.925000 0.562500 0.928125 0.560937 0.928125 0.559375 0.926562 0.559375 0.917188 0.564063 0.912500 0.564063 0.900000 0.562500 0.898438 0.562500 0.895312 0.564063 0.893750 0.564063 0.889062 0.565625 0.887500 0.565625 0.885938 0.564063 0.884375 0.564063 0.878125 0.562500 0.876563 0.562500 0.875000 0.560937 0.873437 0.560937 0.870313 0.557813 0.867188 0.557813 0.864062 0.556250 0.862500 0.556250 0.859375 0.554688 0.859375 0.553125 0.857812 0.553125 0.856250 0.551562 0.854688 0.551562 0.851562 0.550000 0.850000 0.550000 0.843750 0.551562 0.842187 0.551562 0.840625 0.554688 0.837500 0.562500 0.837500 0.564063 0.839063 0.565625 0.839063 0.568750 0.842187 0.570312 0.842187 0.573438 0.845313 0.573438 0.854688 0.575000 0.856250 0.575000 0.860938 0.576562 0.862500 0.576562 0.865625 0.575000 0.867188 0.575000 0.870313 0.578125 0.873437 0.578125 0.875000 0.579688 0.876563 0.579688 0.879687 0.581250 0.881250 0.581250 0.889062 0.582812 0.890625 0.582812 0.892188 0.585938 0.895312 0.587500 0.895312 0.589063 0.896875 0.589063 0.900000 0.592187 0.903125 0.592187 0.904687 0.593750 0.906250 0.593750 0.915625 0.595313 0.917188 0.595313 0.918750 0.596875 0.920312 0.596875 0.921875 0.598437 0.923438 0.598437 0.925000 0.600000 0.926562 0.601562 0.926562 0.604688 0.923438 0.606250 0.925000 0.610938 0.925000 0.610938 0.912500 0.612500 0.910937 0.612500 0.900000 0.610938 0.898438 0.610938 0.893750 0.609375 0.892188 0.609375 0.890625 0.610938 0.889062 0.610938 0.885938 0.612500 0.884375 0.612500 0.882812 0.614062 0.881250 0.614062 0.868750 0.615625 0.867188 0.615625 0.864062 0.617188 0.862500 0.617188 0.848437 0.620313 0.845313 0.620313 0.843750 0.621875 0.842187 0.621875 0.832812 0.623437 0.831250 0.623437 0.823438 0.625000 0.821875 0.625000 0.803125 0.626563 0.801562 0.626563 0.800000 0.628125 0.798438 0.628125 0.796875 0.629687 0.795312 0.628125 0.793750 0.628125 0.782813 0.626563 0.781250 0.626563 0.779687 0.628125 0.778125 0.628125 0.776563 0.626563 0.775000 0.626563 0.748437 0.625000 0.746875 0.625000 0.742188 0.623437 0.740625 0.623437 0.737500 0.621875 0.735938 0.621875 0.734375 0.623437 0.732812 0.621875 0.731250 0.621875 0.729688 0.620313 0.728125 0.620313 0.725000 0.617188 0.721875 0.617188 0.718750 0.615625 0.717187 0.615625 0.714063 0.614062 0.712500 0.614062 0.707812 0.612500 0.706250 0.612500 0.703125 0.610938 0.701562 0.610938 0.700000 0.609375 0.698438 0.607812 0.698438 0.604688 0.695312 0.604688 0.693750 0.603125 0.692187 0.603125 0.689063 0.598437 0.684375 0.598437 0.682813 0.596875 0.681250 0.596875 0.679688 0.593750 0.676562 0.593750 0.675000 0.592187 0.673438 0.592187 0.671875 0.590625 0.670312 0.590625 0.668750 0.589063 0.668750 0.585938 0.665625 0.585938 0.660937 0.584375 0.659375 0.587500 0.656250 0.590625 0.656250 0.595313 0.660937 0.598437 0.660937 0.601562 0.664062 0.601562 0.665625 0.603125 0.667188 0.603125 0.668750 0.607812 0.673438 0.607812 0.675000 0.610938 0.678125 0.610938 0.679688 0.612500 0.681250 0.612500 0.682813 0.614062 0.684375 0.614062 0.689063 0.617188 0.692187 0.617188 0.693750 0.618750 0.695312 0.618750 0.698438 0.620313 0.700000 0.620313 0.701562 0.625000 0.706250 0.625000 0.707812 0.626563 0.709375 0.631250 0.709375 0.632812 0.707812 0.634375 0.707812 0.635938 0.706250 0.637500 0.706250 0.639062 0.704688 0.642188 0.704688 0.643750 0.703125 0.643750 0.701562 0.645312 0.700000 0.646875 0.700000 0.648438 0.698438 0.648438 0.693750 0.650000 0.692187 0.650000 0.690625 0.651563 0.689063 0.650000 0.687500 0.650000 0.681250 0.651563 0.679688 0.651563 0.673438 0.653125 0.671875 0.653125 0.668750 0.654687 0.667188 0.654687 0.660937 0.656250 0.659375 0.656250 0.646875 0.657813 0.645312 0.657813 0.632812 0.656250 0.631250 0.656250 0.629687 0.654687 0.628125 0.654687 0.626563 0.653125 0.625000 0.653125 0.617188 0.651563 0.615625 0.651563 0.614062 0.646875 0.609375 0.646875 0.607812 0.645312 0.606250 0.645312 0.603125 0.642188 0.600000 0.642188 0.596875 0.640625 0.595313 0.640625 0.593750 0.639062 0.592187 0.639062 0.590625 0.637500 0.589063 0.637500 0.585938 0.635938 0.584375 0.634375 0.584375 0.632812 0.582812 0.632812 0.581250 0.629687 0.578125 0.629687 0.575000 0.628125 0.573438 0.626563 0.573438 0.625000 0.571875 0.625000 0.570312 0.623437 0.568750 0.623437 0.567187 0.620313 0.564063 0.620313 0.562500 0.617188 0.559375 0.617188 0.557813 0.615625 0.556250 0.614062 0.556250 0.610938 0.553125 0.610938 0.551562 0.606250 0.546875 0.606250 0.545312 0.604688 0.543750 0.603125 0.543750 0.601562 0.542188 0.601562 0.540625 0.600000 0.539062 0.600000 0.537500 0.598437 0.537500 0.596875 0.535937 0.595313 0.535937 0.593750 0.534375 0.590625 0.534375 0.585938 0.529687 0.585938 0.526563 0.584375 0.526563 0.582812 0.525000 0.582812 0.523438 0.581250 0.521875 0.579688 0.521875 0.578125 0.520312 0.578125 0.518750 0.576562 0.517188 0.576562 0.515625 0.575000 0.514062 0.573438 0.514062 0.568750 0.509375 0.567187 0.509375 0.564063 0.506250 0.562500 0.506250 0.557813 0.501563 0.556250 0.501563 0.551562 0.496875 0.551562 0.495312 0.550000 0.493750 0.548438 0.493750 0.546875 0.492188 0.543750 0.492188 0.542188 0.490625 0.540625 0.490625 0.537500 0.487500 0.537500 0.485938 0.534375 0.482812 0.531250 0.482812 0.528125 0.479687 0.526563 0.479687 0.515625 0.468750 0.514062 0.468750 0.507812 0.462500 0.506250 0.462500 0.504687 0.460938 0.503125 0.460938 0.501563 0.459375 0.500000 0.459375 0.498437 0.457813 0.498437 0.456250 0.496875 0.456250 0.493750 0.453125 0.492188 0.453125 0.489063 0.450000 0.487500 0.450000 0.485938 0.448437 0.485938 0.446875 0.484375 0.446875 0.482812 0.445312 0.481250 0.445312 0.479687 0.443750 0.478125 0.443750 0.475000 0.440625 0.473438 0.440625 0.467187 0.434375 0.465625 0.434375 0.459375 0.428125 0.457813 0.428125 0.450000 0.420312 0.448437 0.420312 0.439063 0.410938 0.437500 0.410938 0.435937 0.409375 0.432812 0.409375 0.431250 0.407813 0.428125 0.407813 0.425000 0.404687 0.421875 0.404687 0.418750 0.401562 0.417187 0.401562 0.415625 0.400000 0.414062 0.400000 0.412500 0.398438 0.409375 0.398438 0.407813 0.396875 0.403125 0.396875 0.401562 0.395313 0.401562 0.393750 0.400000 0.393750 0.396875 0.390625 0.385937 0.390625 0.384375 0.389062 0.382812 0.389062 0.381250 0.387500 0.379688 0.387500 0.376563 0.384375 0.373437 0.384375 0.371875 0.382812 0.370312 0.382812 0.368750 0.381250 0.367188 0.381250 0.365625 0.379688 0.360938 0.379688 0.359375 0.378125 0.356250 0.378125 0.353125 0.375000 0.350000 0.375000 0.340625 0.365625 0.340625 0.364063 0.334375 0.364063 0.331250 0.360938 0.328125 0.360938 0.325000 0.357812 0.318750 0.357812 0.317188 0.356250 0.310937 0.356250 0.309375 0.354687 0.307812 0.354687 0.306250 0.353125 0.304688 0.353125 0.301563 0.350000 0.300000 0.350000 0.296875 0.346875 0.296875 0.342187 0.295312 0.340625 0.295312 0.339062 0.296875 0.337500 0.295312 0.335938 0.298438 0.332813 0.298438 0.320312 0.300000 0.318750 0.300000 0.317188 0.301563 0.315625 0.301563 0.295312 0.303125 0.293750 0.303125 0.285938 0.304688 0.284375 0.304688 0.281250 0.306250 0.279687 0.306250 0.278125 0.304688 0.276562 0.301563 0.276562 0.298438 0.273438 0.298438 0.267188 0.295312 0.264062 0.295312 0.268750 0.296875 0.270313 0.293750 0.273438 0.292187 0.273438 0.292187 0.276562 0.289062 0.279687 0.289062 0.287500 0.287500 0.289062 0.287500 0.292187 0.285938 0.293750 0.287500 0.295312 0.287500 0.298438 0.285938 0.300000 0.285938 0.304688 0.284375 0.306250 0.284375 0.307812 0.282813 0.309375 0.282813 0.314063 0.281250 0.315625 0.281250 0.317188 0.278125 0.320312 0.268750 0.320312 0.265625 0.317188 0.256250 0.317188 0.254688 0.315625 0.253125 0.315625 0.250000 0.312500 0.248438 0.312500 0.243750 0.307812 0.239063 0.307812 0.237500 0.306250 0.223438 0.306250 0.220312 0.303125 0.217188 0.303125 0.215625 0.301563 0.203125 0.301563 0.201563 0.300000 0.200000 0.300000 0.198437 0.298438 0.196875 0.298438 0.195312 0.296875 0.187500 0.296875 0.185938 0.295312 0.178125 0.295312 0.176563 0.293750 0.160938 0.293750 0.159375 0.292187 0.156250 0.292187 0.154688 0.290625 0.151562 0.290625 0.150000 0.289062 0.137500 0.289062 0.135937 0.287500 0.132812 0.287500 0.131250 0.285938 0.125000 0.285938 0.123438 0.284375 0.121875 0.284375 0.120313 0.282813 0.117188 0.282813 0.115625 0.281250 0.114062 0.281250 0.112500 0.279687 0.110937 0.279687 0.107813 0.276562 0.106250 0.276562 0.104688 0.275000 0.101562 0.275000 0.100000 0.273438 0.098437 0.273438 0.096875 0.271875 0.092188 0.271875 0.090625 0.270313 0.087500 0.270313 0.084375 0.267188 0.082812 0.267188 0.081250 0.265625 0.078125 0.265625 0.076563 0.264062 0.075000 0.264062 0.073438 0.262500 0.071875 0.262500 0.070312 0.260937 0.067187 0.260937 0.064062 0.257812 0.062500 0.257812 0.059375 0.254688 0.054688 0.254688 0.051562 0.251563 0.048438 0.251563 0.046875 0.250000 0.045312 0.250000 0.042188 0.246875 0.037500 0.246875 0.035937 0.245312 0.032813 0.245312 0.031250 0.243750 0.026562 0.243750 0.025000 0.242188
0 0.509375 0.075000 0.507812 0.076563 0.504687 0.076563 0.503125 0.078125 0.498437 0.078125 0.496875 0.079687 0.485938 0.079687 0.484375 0.081250 0.479687 0.081250 0.478125 0.082812 0.465625 0.082812 0.464062 0.084375 0.462500 0.084375 0.460938 0.085938 0.453125 0.085938 0.451562 0.087500 0.445312 0.087500 0.443750 0.089063 0.440625 0.089063 0.439063 0.090625 0.437500 0.090625 0.435937 0.092188 0.434375 0.092188 0.432812 0.093750 0.431250 0.093750 0.428125 0.096875 0.426563 0.096875 0.421875 0.101562 0.420312 0.101562 0.418750 0.103125 0.417187 0.103125 0.415625 0.104688 0.414062 0.104688 0.409375 0.109375 0.407813 0.109375 0.406250 0.110937 0.400000 0.110937 0.392188 0.118750 0.389062 0.118750 0.387500 0.120313 0.385937 0.120313 0.384375 0.121875 0.382812 0.121875 0.378125 0.126562 0.376563 0.126562 0.371875 0.131250 0.371875 0.132812 0.370312 0.134375 0.368750 0.134375 0.368750 0.135937 0.367188 0.137500 0.365625 0.137500 0.360938 0.142187 0.360938 0.143750 0.359375 0.145313 0.359375 0.146875 0.353125 0.153125 0.353125 0.154688 0.351562 0.156250 0.351562 0.157812 0.345313 0.164062 0.345313 0.165625 0.343750 0.167187 0.343750 0.168750 0.339062 0.173437 0.339062 0.175000 0.335938 0.178125 0.335938 0.179688 0.332813 0.182812 0.332813 0.185938 0.329688 0.189062 0.329688 0.190625 0.328125 0.192188 0.328125 0.193750 0.326562 0.195312 0.326562 0.196875 0.325000 0.198437 0.325000 0.200000 0.318750 0.206250 0.318750 0.214062 0.321875 0.217188 0.323437 0.217188 0.325000 0.218750 0.325000 0.220312 0.326562 0.221875 0.326562 0.223438 0.328125 0.225000 0.328125 0.232813 0.329688 0.234375 0.329688 0.240625 0.331250 0.242188 0.331250 0.256250 0.329688 0.257812 0.329688 0.264062 0.328125 0.265625 0.328125 0.267188 0.329688 0.268750 0.329688 0.270313 0.328125 0.271875 0.328125 0.273438 0.323437 0.278125 0.321875 0.278125 0.321875 0.281250 0.317188 0.285938 0.317188 0.287500 0.321875 0.292187 0.323437 0.292187 0.325000 0.293750 0.325000 0.295312 0.331250 0.301563 0.332813 0.301563 0.335938 0.304688 0.337500 0.304688 0.339062 0.306250 0.343750 0.306250 0.345313 0.307812 0.345313 0.320312 0.346875 0.321875 0.346875 0.329688 0.348438 0.331250 0.348438 0.332813 0.351562 0.335938 0.351562 0.340625 0.357812 0.346875 0.357812 0.348438 0.359375 0.350000 0.364063 0.350000 0.364063 0.343750 0.365625 0.342187 0.360938 0.342187 0.359375 0.340625 0.359375 0.335938 0.360938 0.334375 0.360938 0.321875 0.359375 0.320312 0.359375 0.310937 0.356250 0.307812 0.356250 0.296875 0.353125 0.293750 0.353125 0.265625 0.351562 0.264062 0.351562 0.259375 0.350000 0.257812 0.350000 0.250000 0.348438 0.248438 0.348438 0.240625 0.346875 0.239063 0.346875 0.226562 0.348438 0.225000 0.348438 0.221875 0.350000 0.220312 0.353125 0.223438 0.353125 0.225000 0.354687 0.226562 0.354687 0.234375 0.356250 0.235937 0.356250 0.240625 0.357812 0.242188 0.357812 0.246875 0.359375 0.248438 0.359375 0.254688 0.360938 0.256250 0.360938 0.259375 0.362500 0.260937 0.362500 0.267188 0.364063 0.268750 0.364063 0.270313 0.365625 0.271875 0.364063 0.273438 0.364063 0.282813 0.365625 0.284375 0.365625 0.289062 0.367188 0.290625 0.367188 0.293750 0.368750 0.295312 0.368750 0.303125 0.370312 0.304688 0.370312 0.306250 0.373437 0.309375 0.373437 0.323437 0.375000 0.325000 0.375000 0.329688 0.376563 0.331250 0.376563 0.332813 0.379688 0.335938 0.379688 0.337500 0.381250 0.337500 0.382812 0.339062 0.387500 0.339062 0.389062 0.337500 0.390625 0.337500 0.395313 0.332813 0.398438 0.332813 0.401562 0.335938 0.401562 0.340625 0.396875 0.345313 0.396875 0.348438 0.395313 0.350000 0.393750 0.350000 0.393750 0.353125 0.395313 0.354687 0.393750 0.356250 0.393750 0.359375 0.392188 0.360938 0.390625 0.360938 0.387500 0.357812 0.387500 0.356250 0.385937 0.354687 0.389062 0.351562 0.389062 0.343750 0.387500 0.342187 0.385937 0.343750 0.385937 0.351562 0.384375 0.353125 0.384375 0.354687 0.387500 0.357812 0.387500 0.365625 0.389062 0.367188 0.389062 0.373437 0.392188 0.376563 0.392188 0.379688 0.393750 0.381250 0.393750 0.382812 0.395313 0.384375 0.398438 0.384375 0.400000 0.385937 0.403125 0.382812 0.404687 0.382812 0.406250 0.381250 0.412500 0.381250 0.415625 0.384375 0.415625 0.385937 0.417187 0.387500 0.417187 0.390625 0.423438 0.396875 0.437500 0.396875 0.440625 0.400000 0.440625 0.407813 0.442188 0.407813 0.443750 0.409375 0.445312 0.409375 0.446875 0.407813 0.450000 0.407813 0.453125 0.404687 0.453125 0.396875 0.451562 0.395313 0.451562 0.390625 0.450000 0.390625 0.448437 0.389062 0.445312 0.389062 0.442188 0.385937 0.445312 0.382812 0.445312 0.381250 0.443750 0.379688 0.448437 0.375000 0.453125 0.375000 0.457813 0.370312 0.459375 0.371875 0.464062 0.371875 0.465625 0.373437 0.471875 0.373437 0.473438 0.371875 0.479687 0.371875 0.481250 0.370312 0.482812 0.370312 0.484375 0.368750 0.485938 0.368750 0.487500 0.367188 0.492188 0.367188 0.493750 0.365625 0.501563 0.365625 0.504687 0.362500 0.503125 0.360938 0.503125 0.354687 0.504687 0.353125 0.504687 0.334375 0.503125 0.332813 0.503125 0.326562 0.504687 0.325000 0.504687 0.314063 0.503125 0.312500 0.503125 0.309375 0.501563 0.307812 0.501563 0.303125 0.503125 0.301563 0.503125 0.284375 0.501563 0.282813 0.501563 0.281250 0.503125 0.279687 0.503125 0.275000 0.501563 0.273438 0.501563 0.271875 0.503125 0.270313 0.501563 0.268750 0.501563 0.267188 0.500000 0.265625 0.500000 0.259375 0.501563 0.257812 0.501563 0.239063 0.503125 0.237500 0.503125 0.235937 0.504687 0.234375 0.504687 0.232813 0.506250 0.231250 0.507812 0.231250 0.510938 0.234375 0.510938 0.248438 0.512500 0.250000 0.512500 0.260937 0.514062 0.262500 0.514062 0.267188 0.517188 0.270313 0.517188 0.271875 0.515625 0.273438 0.515625 0.278125 0.517188 0.279687 0.517188 0.282813 0.521875 0.287500 0.521875 0.289062 0.523438 0.290625 0.523438 0.292187 0.525000 0.293750 0.525000 0.300000 0.526563 0.301563 0.525000 0.303125 0.525000 0.323437 0.523438 0.325000 0.523438 0.342187 0.525000 0.343750 0.525000 0.351562 0.526563 0.353125 0.528125 0.353125 0.529687 0.354687 0.531250 0.354687 0.534375 0.357812 0.534375 0.359375 0.535937 0.360938 0.546875 0.360938 0.550000 0.364063 0.551562 0.364063 0.553125 0.365625 0.556250 0.365625 0.557813 0.367188 0.559375 0.367188 0.560937 0.368750 0.576562 0.368750 0.579688 0.371875 0.581250 0.371875 0.582812 0.373437 0.587500 0.373437 0.589063 0.375000 0.590625 0.375000 0.592187 0.376563 0.598437 0.376563 0.601562 0.379688 0.601562 0.381250 0.607812 0.387500 0.607812 0.389062 0.612500 0.393750 0.614062 0.393750 0.615625 0.395313 0.615625 0.396875 0.621875 0.396875 0.621875 0.392188 0.623437 0.390625 0.626563 0.390625 0.628125 0.389062 0.629687 0.390625 0.629687 0.396875 0.628125 0.398438 0.628125 0.404687 0.629687 0.406250 0.629687 0.414062 0.631250 0.415625 0.631250 0.429688 0.629687 0.431250 0.629687 0.437500 0.631250 0.439063 0.631250 0.440625 0.629687 0.442188 0.629687 0.471875 0.631250 0.473438 0.631250 0.479687 0.632812 0.481250 0.632812 0.485938 0.631250 0.487500 0.631250 0.493750 0.632812 0.495312 0.631250 0.496875 0.631250 0.503125 0.632812 0.504687 0.632812 0.506250 0.634375 0.507812 0.634375 0.509375 0.632812 0.510938 0.632812 0.515625 0.635938 0.518750 0.635938 0.520312 0.637500 0.521875 0.637500 0.523438 0.639062 0.523438 0.640625 0.525000 0.640625 0.542188 0.642188 0.543750 0.642188 0.548438 0.648438 0.542188 0.650000 0.542188 0.651563 0.543750 0.651563 0.545312 0.654687 0.548438 0.654687 0.550000 0.651563 0.553125 0.646875 0.553125 0.646875 0.556250 0.645312 0.557813 0.646875 0.559375 0.646875 0.560937 0.648438 0.560937 0.650000 0.562500 0.650000 0.564063 0.651563 0.565625 0.651563 0.567187 0.653125 0.568750 0.653125 0.570312 0.654687 0.571875 0.654687 0.579688 0.656250 0.581250 0.656250 0.585938 0.657813 0.587500 0.657813 0.598437 0.656250 0.600000 0.656250 0.612500 0.657813 0.614062 0.657813 0.615625 0.659375 0.617188 0.659375 0.620313 0.660937 0.621875 0.660937 0.625000 0.662500 0.626563 0.664062 0.626563 0.665625 0.628125 0.665625 0.629687 0.668750 0.629687 0.673438 0.634375 0.673438 0.635938 0.675000 0.635938 0.676562 0.637500 0.678125 0.635938 0.684375 0.635938 0.685937 0.637500 0.687500 0.637500 0.690625 0.640625 0.690625 0.642188 0.689063 0.643750 0.689063 0.645312 0.687500 0.646875 0.687500 0.653125 0.690625 0.653125 0.692187 0.654687 0.692187 0.656250 0.693750 0.657813 0.703125 0.657813 0.706250 0.654687 0.706250 0.653125 0.707812 0.651563 0.707812 0.648438 0.710938 0.645312 0.710938 0.643750 0.712500 0.642188 0.712500 0.639062 0.714063 0.637500 0.714063 0.635938 0.715625 0.634375 0.715625 0.632812 0.717187 0.631250 0.718750 0.631250 0.720313 0.632812 0.726562 0.632812 0.729688 0.635938 0.731250 0.635938 0.734375 0.639062 0.734375 0.642188 0.735938 0.640625 0.739062 0.640625 0.740625 0.642188 0.742188 0.642188 0.745313 0.645312 0.745313 0.646875 0.748437 0.650000 0.751563 0.650000 0.754687 0.653125 0.756250 0.653125 0.757812 0.654687 0.754687 0.657813 0.756250 0.659375 0.756250 0.662500 0.757812 0.664062 0.757812 0.667188 0.759375 0.668750 0.759375 0.675000 0.760938 0.676562 0.760938 0.678125 0.762500 0.679688 0.762500 0.681250 0.767188 0.685937 0.767188 0.687500 0.768750 0.689063 0.768750 0.690625 0.771875 0.693750 0.773438 0.693750 0.776563 0.696875 0.779687 0.696875 0.781250 0.695312 0.784375 0.695312 0.787500 0.692187 0.787500 0.687500 0.789062 0.685937 0.789062 0.684375 0.790625 0.682813 0.790625 0.681250 0.792188 0.679688 0.792188 0.675000 0.795312 0.671875 0.795312 0.668750 0.796875 0.667188 0.796875 0.665625 0.798438 0.664062 0.798438 0.662500 0.800000 0.660937 0.800000 0.657813 0.803125 0.654687 0.803125 0.653125 0.804688 0.651563 0.804688 0.639062 0.806250 0.637500 0.806250 0.631250 0.809375 0.628125 0.809375 0.614062 0.810937 0.612500 0.810937 0.609375 0.815625 0.604688 0.815625 0.601562 0.817187 0.600000 0.817187 0.596875 0.818750 0.595313 0.818750 0.587500 0.820312 0.585938 0.820312 0.575000 0.821875 0.573438 0.821875 0.568750 0.823438 0.567187 0.823438 0.564063 0.825000 0.562500 0.825000 0.560937 0.826562 0.559375 0.826562 0.557813 0.829688 0.554688 0.829688 0.546875 0.831250 0.545312 0.831250 0.542188 0.834375 0.539062 0.834375 0.520312 0.837500 0.517188 0.837500 0.515625 0.835938 0.514062 0.835938 0.510938 0.837500 0.509375 0.837500 0.496875 0.839063 0.495312 0.839063 0.492188 0.840625 0.490625 0.840625 0.479687 0.839063 0.478125 0.839063 0.475000 0.840625 0.473438 0.840625 0.467187 0.839063 0.465625 0.839063 0.453125 0.842187 0.450000 0.842187 0.429688 0.843750 0.428125 0.843750 0.407813 0.845313 0.406250 0.845313 0.387500 0.843750 0.385937 0.845313 0.384375 0.845313 0.375000 0.843750 0.373437 0.843750 0.362500 0.845313 0.360938 0.845313 0.359375 0.846875 0.357812 0.846875 0.356250 0.848437 0.354687 0.850000 0.354687 0.854688 0.350000 0.854688 0.348438 0.857812 0.345313 0.857812 0.342187 0.859375 0.340625 0.860938 0.340625 0.864062 0.337500 0.864062 0.335938 0.867188 0.332813 0.867188 0.323437 0.868750 0.321875 0.868750 0.318750 0.870313 0.317188 0.870313 0.315625 0.868750 0.314063 0.868750 0.285938 0.867188 0.284375 0.867188 0.275000 0.868750 0.273438 0.868750 0.268750 0.867188 0.267188 0.867188 0.251563 0.868750 0.250000 0.868750 0.240625 0.867188 0.239063 0.867188 0.229687 0.868750 0.228125 0.867188 0.226562 0.867188 0.210938 0.865625 0.209375 0.865625 0.207813 0.867188 0.206250 0.867188 0.196875 0.865625 0.195312 0.865625 0.193750 0.864062 0.192188 0.864062 0.185938 0.862500 0.184375 0.862500 0.182812 0.860938 0.181250 0.860938 0.179688 0.856250 0.175000 0.853125 0.175000 0.851562 0.173437 0.851562 0.171875 0.850000 0.171875 0.845313 0.167187 0.843750 0.167187 0.840625 0.164062 0.837500 0.164062 0.834375 0.160938 0.831250 0.160938 0.828125 0.157812 0.825000 0.157812 0.821875 0.154688 0.814063 0.154688 0.812500 0.153125 0.807813 0.153125 0.806250 0.151562 0.792188 0.151562 0.790625 0.150000 0.785937 0.150000 0.784375 0.148438 0.764062 0.148438 0.762500 0.146875 0.760938 0.146875 0.759375 0.145313 0.757812 0.145313 0.756250 0.146875 0.750000 0.146875 0.748437 0.148438 0.746875 0.148438 0.745313 0.150000 0.743750 0.148438 0.742188 0.148438 0.740625 0.150000 0.739062 0.150000 0.737500 0.151562 0.735938 0.151562 0.734375 0.153125 0.732812 0.153125 0.731250 0.154688 0.728125 0.154688 0.725000 0.157812 0.723437 0.157812 0.721875 0.159375 0.720313 0.159375 0.718750 0.160938 0.714063 0.160938 0.712500 0.162500 0.710938 0.162500 0.709375 0.160938 0.709375 0.157812 0.710938 0.156250 0.710938 0.148438 0.709375 0.146875 0.709375 0.145313 0.701562 0.137500 0.700000 0.137500 0.698438 0.135937 0.698438 0.134375 0.687500 0.123438 0.684375 0.123438 0.681250 0.120313 0.679688 0.120313 0.678125 0.118750 0.675000 0.118750 0.673438 0.117188 0.673438 0.115625 0.671875 0.114062 0.670312 0.114062 0.667188 0.110937 0.664062 0.110937 0.659375 0.106250 0.657813 0.106250 0.656250 0.104688 0.654687 0.104688 0.653125 0.103125 0.651563 0.103125 0.650000 0.101562 0.648438 0.101562 0.646875 0.100000 0.642188 0.100000 0.640625 0.098437 0.639062 0.098437 0.637500 0.096875 0.635938 0.096875 0.634375 0.095312 0.631250 0.095312 0.628125 0.092188 0.625000 0.092188 0.623437 0.090625 0.615625 0.090625 0.612500 0.087500 0.607812 0.087500 0.606250 0.085938 0.601562 0.085938 0.600000 0.084375 0.596875 0.084375 0.595313 0.082812 0.587500 0.082812 0.584375 0.079687 0.562500 0.079687 0.560937 0.078125 0.540625 0.078125 0.539062 0.076563 0.532813 0.076563 0.531250 0.075000 0.525000 0.075000 0.523438 0.076563 0.517188 0.076563 0.515625 0.075000
