0 0.765625 0.218750 0.764062 0.220312 0.765625 0.220312
0 0.764062 0.212500 0.764062 0.214062 0.765625 0.215625 0.765625 0.212500
0 0.845313 0.209375 0.843750 0.210938 0.842187 0.210938 0.842187 0.221875 0.843750 0.221875 0.843750 0.218750 0.845313 0.217188 0.846875 0.218750 0.848437 0.218750 0.850000 0.217188 0.850000 0.214062
0 0.848437 0.185938 0.846875 0.187500 0.845313 0.187500 0.845313 0.189062 0.843750 0.190625 0.843750 0.192188 0.840625 0.195312 0.839063 0.195312 0.839063 0.198437 0.840625 0.198437 0.842187 0.200000 0.843750 0.198437 0.850000 0.198437 0.851562 0.196875 0.856250 0.196875 0.859375 0.200000 0.859375 0.201563 0.862500 0.204687 0.864062 0.204687 0.865625 0.203125 0.870313 0.203125 0.868750 0.201563 0.868750 0.196875 0.870313 0.195312 0.870313 0.192188 0.868750 0.190625 0.851562 0.190625 0.850000 0.189062 0.850000 0.185938
0 0.792188 0.165625 0.790625 0.167187 0.790625 0.168750 0.790625 0.167187 0.792188 0.165625 0.793750 0.165625
0 0.512500 0.164062 0.510938 0.165625 0.509375 0.165625 0.510938 0.167187 0.510938 0.168750 0.512500 0.170313 0.514062 0.170313 0.514062 0.168750 0.515625 0.167187 0.515625 0.164062
0 0.478125 0.162500 0.476562 0.164062 0.473438 0.164062 0.471875 0.165625 0.470313 0.165625 0.470313 0.168750 0.473438 0.171875 0.473438 0.175000 0.475000 0.175000 0.473438 0.173437 0.473438 0.171875 0.475000 0.170313 0.482812 0.170313 0.484375 0.168750 0.489063 0.168750 0.490625 0.167187 0.490625 0.165625 0.489063 0.165625 0.487500 0.164062 0.484375 0.164062 0.482812 0.162500
0 0.757812 0.160938 0.759375 0.162500 0.759375 0.160938
0 0.550000 0.157812 0.550000 0.164062 0.551562 0.164062 0.553125 0.162500 0.553125 0.159375 0.551562 0.157812
0 0.498437 0.154688 0.500000 0.156250 0.500000 0.159375 0.493750 0.165625 0.495312 0.165625 0.495312 0.164062 0.496875 0.162500 0.498437 0.162500 0.500000 0.164062 0.501563 0.164062 0.501563 0.156250 0.500000 0.154688
0 0.792188 0.000000 0.792188 0.001563 0.790625 0.003125 0.784375 0.003125 0.781250 0.006250 0.778125 0.006250 0.776563 0.004687 0.757812 0.004687 0.756250 0.006250 0.742188 0.006250 0.740625 0.007812 0.735938 0.007812 0.734375 0.009375 0.726562 0.009375 0.725000 0.010937 0.718750 0.010937 0.717187 0.012500 0.715625 0.010937 0.712500 0.010937 0.709375 0.007812 0.706250 0.007812 0.704688 0.009375 0.698438 0.009375 0.693750 0.014063 0.689063 0.014063 0.687500 0.015625 0.684375 0.015625 0.682813 0.017188 0.675000 0.017188 0.670312 0.021875 0.670312 0.023438 0.665625 0.028125 0.664062 0.026562 0.664062 0.025000 0.660937 0.025000 0.659375 0.026562 0.659375 0.029687 0.657813 0.031250 0.653125 0.031250 0.651563 0.032813 0.650000 0.032813 0.650000 0.034375 0.648438 0.035937 0.648438 0.037500 0.646875 0.039062 0.646875 0.040625 0.645312 0.042188 0.643750 0.042188 0.643750 0.043750 0.645312 0.043750 0.646875 0.045312 0.646875 0.054688 0.643750 0.057813 0.640625 0.054688 0.640625 0.046875 0.639062 0.046875 0.639062 0.048438 0.635938 0.051562 0.634375 0.051562 0.632812 0.053125 0.632812 0.054688 0.629687 0.057813 0.631250 0.057813 0.632812 0.059375 0.632812 0.060937 0.631250 0.062500 0.629687 0.062500 0.623437 0.056250 0.625000 0.054688 0.626563 0.054688 0.626563 0.053125 0.620313 0.059375 0.620313 0.062500 0.618750 0.064062 0.620313 0.065625 0.620313 0.070312 0.618750 0.071875 0.618750 0.076563 0.617188 0.078125 0.615625 0.078125 0.614062 0.079687 0.612500 0.079687 0.612500 0.081250 0.609375 0.084375 0.606250 0.081250 0.606250 0.078125 0.606250 0.082812 0.603125 0.085938 0.603125 0.087500 0.601562 0.089063 0.598437 0.089063 0.596875 0.090625 0.595313 0.090625 0.592187 0.093750 0.592187 0.096875 0.595313 0.100000 0.595313 0.098437 0.593750 0.098437 0.592187 0.096875 0.592187 0.095312 0.593750 0.093750 0.596875 0.093750 0.601562 0.098437 0.601562 0.101562 0.603125 0.103125 0.601562 0.104688 0.606250 0.109375 0.604688 0.110937 0.604688 0.115625 0.600000 0.120313 0.598437 0.120313 0.596875 0.118750 0.596875 0.112500 0.600000 0.109375 0.596875 0.109375 0.595313 0.110937 0.593750 0.109375 0.593750 0.107813 0.590625 0.107813 0.590625 0.109375 0.589063 0.110937 0.589063 0.112500 0.592187 0.115625 0.592187 0.118750 0.587500 0.123438 0.585938 0.123438 0.579688 0.117188 0.579688 0.112500 0.578125 0.110937 0.578125 0.107813 0.576562 0.106250 0.575000 0.106250 0.571875 0.109375 0.567187 0.109375 0.567187 0.112500 0.565625 0.114062 0.564063 0.114062 0.564063 0.115625 0.562500 0.117188 0.562500 0.118750 0.560937 0.120313 0.559375 0.120313 0.557813 0.121875 0.556250 0.121875 0.556250 0.123438 0.554688 0.125000 0.553125 0.125000 0.551562 0.123438 0.551562 0.121875 0.553125 0.120313 0.550000 0.120313 0.550000 0.123438 0.546875 0.126562 0.546875 0.129688 0.542188 0.134375 0.535937 0.134375 0.531250 0.139063 0.531250 0.140625 0.529687 0.142187 0.528125 0.140625 0.525000 0.140625 0.525000 0.142187 0.521875 0.145313 0.517188 0.145313 0.515625 0.146875 0.512500 0.146875 0.509375 0.150000 0.507812 0.150000 0.507812 0.154688 0.509375 0.154688 0.510938 0.156250 0.514062 0.156250 0.515625 0.157812 0.518750 0.154688 0.520312 0.154688 0.520312 0.151562 0.525000 0.146875 0.529687 0.146875 0.531250 0.148438 0.532813 0.148438 0.535937 0.151562 0.537500 0.151562 0.543750 0.145313 0.543750 0.143750 0.546875 0.140625 0.548438 0.140625 0.550000 0.139063 0.551562 0.140625 0.551562 0.142187 0.550000 0.143750 0.553125 0.143750 0.554688 0.145313 0.556250 0.145313 0.557813 0.143750 0.557813 0.142187 0.559375 0.140625 0.560937 0.140625 0.562500 0.142187 0.564063 0.142187 0.565625 0.143750 0.568750 0.143750 0.570312 0.145313 0.573438 0.142187 0.576562 0.142187 0.578125 0.143750 0.578125 0.145313 0.579688 0.143750 0.576562 0.140625 0.578125 0.139063 0.578125 0.137500 0.579688 0.135937 0.579688 0.128125 0.581250 0.126562 0.585938 0.126562 0.587500 0.128125 0.589063 0.128125 0.593750 0.123438 0.595313 0.123438 0.598437 0.126562 0.598437 0.129688 0.600000 0.131250 0.600000 0.132812 0.601562 0.134375 0.600000 0.135937 0.600000 0.153125 0.598437 0.154688 0.598437 0.157812 0.596875 0.159375 0.596875 0.164062 0.595313 0.165625 0.595313 0.168750 0.593750 0.170313 0.593750 0.173437 0.592187 0.175000 0.592187 0.181250 0.590625 0.182812 0.592187 0.184375 0.592187 0.187500 0.593750 0.189062 0.593750 0.215625 0.595313 0.217188 0.595313 0.239063 0.593750 0.240625 0.593750 0.254688 0.595313 0.256250 0.595313 0.271875 0.596875 0.273438 0.596875 0.276562 0.598437 0.278125 0.598437 0.282813 0.600000 0.284375 0.600000 0.285938 0.601562 0.287500 0.601562 0.289062 0.603125 0.290625 0.603125 0.293750 0.604688 0.295312 0.604688 0.298438 0.606250 0.300000 0.606250 0.303125 0.607812 0.304688 0.607812 0.310937 0.609375 0.312500 0.609375 0.325000 0.610938 0.325000 0.612500 0.326562 0.612500 0.328125 0.615625 0.328125 0.617188 0.329688 0.617188 0.331250 0.618750 0.332813 0.618750 0.337500 0.620313 0.339062 0.623437 0.339062 0.626563 0.342187 0.629687 0.342187 0.631250 0.343750 0.632812 0.343750 0.634375 0.345313 0.640625 0.345313 0.653125 0.357812 0.654687 0.357812 0.656250 0.359375 0.662500 0.359375 0.664062 0.360938 0.665625 0.360938 0.675000 0.370312 0.676562 0.370312 0.679688 0.373437 0.679688 0.375000 0.681250 0.376563 0.682813 0.376563 0.685937 0.379688 0.685937 0.381250 0.684375 0.382812 0.681250 0.382812 0.678125 0.379688 0.678125 0.378125 0.676562 0.376563 0.675000 0.376563 0.673438 0.375000 0.668750 0.375000 0.662500 0.368750 0.660937 0.368750 0.656250 0.364063 0.654687 0.364063 0.653125 0.362500 0.653125 0.360938 0.648438 0.360938 0.645312 0.357812 0.642188 0.357812 0.639062 0.354687 0.637500 0.354687 0.635938 0.353125 0.634375 0.353125 0.632812 0.351562 0.631250 0.351562 0.628125 0.348438 0.626563 0.348438 0.625000 0.346875 0.620313 0.346875 0.618750 0.345313 0.615625 0.345313 0.614062 0.343750 0.610938 0.343750 0.609375 0.342187 0.606250 0.342187 0.604688 0.340625 0.600000 0.340625 0.598437 0.339062 0.595313 0.339062 0.593750 0.337500 0.590625 0.337500 0.589063 0.335938 0.575000 0.335938 0.573438 0.334375 0.565625 0.334375 0.564063 0.332813 0.559375 0.332813 0.557813 0.331250 0.514062 0.331250 0.512500 0.332813 0.506250 0.332813 0.504687 0.334375 0.498437 0.334375 0.496875 0.335938 0.493750 0.335938 0.492188 0.337500 0.490625 0.337500 0.489063 0.339062 0.485938 0.339062 0.484375 0.340625 0.478125 0.340625 0.476562 0.342187 0.473438 0.342187 0.471875 0.343750 0.470313 0.343750 0.468750 0.345313 0.467187 0.345313 0.465625 0.346875 0.464062 0.346875 0.462500 0.348438 0.460938 0.348438 0.459375 0.350000 0.457813 0.350000 0.456250 0.351562 0.454688 0.351562 0.450000 0.356250 0.448437 0.356250 0.443750 0.360938 0.442188 0.360938 0.439063 0.364063 0.437500 0.364063 0.432812 0.368750 0.431250 0.368750 0.426563 0.373437 0.425000 0.373437 0.425000 0.375000 0.423438 0.376563 0.421875 0.376563 0.421875 0.378125 0.417187 0.382812 0.415625 0.382812 0.414062 0.384375 0.414062 0.385937 0.412500 0.387500 0.412500 0.390625 0.409375 0.393750 0.409375 0.395313 0.407813 0.396875 0.407813 0.400000 0.406250 0.401562 0.406250 0.403125 0.404687 0.404687 0.404687 0.406250 0.403125 0.407813 0.403125 0.409375 0.401562 0.410938 0.401562 0.412500 0.400000 0.414062 0.400000 0.417187 0.398438 0.418750 0.398438 0.423438 0.396875 0.425000 0.396875 0.428125 0.395313 0.429688 0.395313 0.432812 0.393750 0.434375 0.393750 0.437500 0.392188 0.439063 0.392188 0.442188 0.390625 0.443750 0.390625 0.448437 0.389062 0.450000 0.389062 0.453125 0.387500 0.454688 0.387500 0.460938 0.385937 0.462500 0.385937 0.489063 0.384375 0.490625 0.384375 0.504687 0.385937 0.506250 0.385937 0.507812 0.387500 0.509375 0.387500 0.512500 0.389062 0.512500 0.390625 0.514062 0.392188 0.514062 0.393750 0.512500 0.395313 0.514062 0.395313 0.515625 0.393750 0.517188 0.390625 0.517188 0.390625 0.518750 0.389062 0.520312 0.382812 0.520312 0.381250 0.521875 0.379688 0.521875 0.378125 0.523438 0.375000 0.523438 0.373437 0.525000 0.368750 0.525000 0.367188 0.526563 0.356250 0.526563 0.354687 0.528125 0.348438 0.528125 0.346875 0.529687 0.340625 0.529687 0.339062 0.531250 0.335938 0.531250 0.334375 0.532813 0.326562 0.532813 0.325000 0.531250 0.321875 0.531250 0.318750 0.528125 0.317188 0.528125 0.315625 0.526563 0.312500 0.526563 0.310937 0.525000 0.307812 0.525000 0.306250 0.523438 0.303125 0.523438 0.301563 0.521875 0.295312 0.521875 0.293750 0.520312 0.290625 0.520312 0.289062 0.518750 0.284375 0.518750 0.282813 0.517188 0.279687 0.517188 0.278125 0.515625 0.264062 0.515625 0.262500 0.514062 0.248438 0.514062 0.246875 0.515625 0.239063 0.515625 0.237500 0.517188 0.235937 0.517188 0.234375 0.518750 0.232813 0.518750 0.231250 0.520312 0.229687 0.520312 0.228125 0.521875 0.225000 0.521875 0.223438 0.523438 0.220312 0.523438 0.218750 0.525000 0.217188 0.525000 0.215625 0.526563 0.214062 0.526563 0.212500 0.528125 0.212500 0.529687 0.210938 0.531250 0.210938 0.534375 0.209375 0.535937 0.209375 0.539062 0.207813 0.540625 0.207813 0.556250 0.209375 0.557813 0.209375 0.562500 0.210938 0.564063 0.210938 0.567187 0.214062 0.570312 0.214062 0.571875 0.225000 0.582812 0.226562 0.582812 0.229687 0.585938 0.231250 0.585938 0.232813 0.587500 0.235937 0.587500 0.237500 0.589063 0.239063 0.589063 0.240625 0.590625 0.242188 0.590625 0.243750 0.592187 0.245312 0.592187 0.246875 0.593750 0.248438 0.593750 0.251563 0.596875 0.253125 0.596875 0.254688 0.598437 0.256250 0.598437 0.265625 0.607812 0.267188 0.607812 0.268750 0.609375 0.270313 0.609375 0.276562 0.615625 0.278125 0.615625 0.279687 0.617188 0.284375 0.617188 0.285938 0.618750 0.287500 0.618750 0.289062 0.620313 0.292187 0.620313 0.293750 0.621875 0.298438 0.621875 0.300000 0.623437 0.303125 0.623437 0.304688 0.625000 0.310937 0.625000 0.312500 0.626563 0.318750 0.626563 0.320312 0.628125 0.342187 0.628125 0.343750 0.629687 0.350000 0.629687 0.351562 0.631250 0.362500 0.631250 0.364063 0.629687 0.368750 0.629687 0.370312 0.628125 0.376563 0.628125 0.378125 0.626563 0.381250 0.626563 0.382812 0.625000 0.384375 0.625000 0.385937 0.623437 0.389062 0.623437 0.392188 0.620313 0.395313 0.620313 0.396875 0.618750 0.398438 0.618750 0.400000 0.617188 0.403125 0.617188 0.404687 0.615625 0.406250 0.615625 0.407813 0.614062 0.409375 0.614062 0.410938 0.612500 0.412500 0.612500 0.414062 0.610938 0.415625 0.610938 0.417187 0.609375 0.420312 0.609375 0.421875 0.607812 0.423438 0.607812 0.425000 0.606250 0.426563 0.606250 0.426563 0.604688 0.429688 0.601562 0.431250 0.601562 0.432812 0.600000 0.434375 0.600000 0.437500 0.596875 0.442188 0.596875 0.443750 0.595313 0.445312 0.595313 0.446875 0.593750 0.448437 0.593750 0.450000 0.592187 0.453125 0.595313 0.451562 0.596875 0.451562 0.603125 0.448437 0.606250 0.448437 0.609375 0.446875 0.610938 0.446875 0.612500 0.445312 0.614062 0.445312 0.618750 0.443750 0.620313 0.443750 0.623437 0.442188 0.625000 0.442188 0.628125 0.439063 0.631250 0.439063 0.632812 0.437500 0.634375 0.437500 0.635938 0.435937 0.637500 0.435937 0.639062 0.432812 0.642188 0.432812 0.643750 0.429688 0.646875 0.429688 0.648438 0.428125 0.650000 0.428125 0.651563 0.425000 0.654687 0.425000 0.656250 0.423438 0.657813 0.423438 0.659375 0.421875 0.660937 0.421875 0.665625 0.420312 0.667188 0.420312 0.670312 0.418750 0.671875 0.418750 0.679688 0.417187 0.681250 0.417187 0.687500 0.415625 0.689063 0.415625 0.700000 0.414062 0.701562 0.414062 0.723437 0.415625 0.725000 0.415625 0.731250 0.417187 0.732812 0.417187 0.740625 0.415625 0.742188 0.415625 0.745313 0.417187 0.746875 0.417187 0.760938 0.418750 0.762500 0.418750 0.765625 0.420312 0.767188 0.420312 0.775000 0.421875 0.776563 0.421875 0.781250 0.423438 0.782813 0.423438 0.785937 0.425000 0.787500 0.425000 0.792188 0.426563 0.793750 0.426563 0.795312 0.428125 0.796875 0.428125 0.798438 0.429688 0.800000 0.429688 0.801562 0.437500 0.809375 0.439063 0.809375 0.440625 0.810937 0.440625 0.812500 0.450000 0.821875 0.450000 0.823438 0.454688 0.828125 0.454688 0.829688 0.468750 0.843750 0.470313 0.843750 0.471875 0.845313 0.473438 0.845313 0.476562 0.848437 0.476562 0.850000 0.484375 0.857812 0.487500 0.857812 0.490625 0.860938 0.492188 0.860938 0.495312 0.864062 0.496875 0.864062 0.498437 0.865625 0.500000 0.865625 0.501563 0.867188 0.503125 0.867188 0.504687 0.868750 0.506250 0.868750 0.509375 0.871875 0.512500 0.871875 0.515625 0.875000 0.520312 0.875000 0.521875 0.876563 0.523438 0.876563 0.525000 0.878125 0.528125 0.878125 0.529687 0.876563 0.531250 0.878125 0.542188 0.878125 0.543750 0.879687 0.551562 0.879687 0.556250 0.875000 0.557813 0.875000 0.557813 0.873437 0.560937 0.870313 0.562500 0.870313 0.565625 0.867188 0.565625 0.865625 0.568750 0.862500 0.568750 0.860938 0.570312 0.859375 0.570312 0.857812 0.576562 0.851562 0.582812 0.851562 0.585938 0.854688 0.585938 0.856250 0.592187 0.862500 0.595313 0.862500 0.595313 0.860938 0.598437 0.857812 0.601562 0.857812 0.603125 0.859375 0.604688 0.859375 0.606250 0.860938 0.607812 0.860938 0.614062 0.867188 0.614062 0.870313 0.615625 0.871875 0.615625 0.873437 0.621875 0.879687 0.621875 0.892188 0.626563 0.896875 0.628125 0.895312 0.631250 0.895312 0.632812 0.896875 0.635938 0.896875 0.637500 0.898438 0.643750 0.898438 0.645312 0.900000 0.654687 0.900000 0.656250 0.898438 0.660937 0.898438 0.662500 0.900000 0.671875 0.900000 0.678125 0.893750 0.681250 0.893750 0.684375 0.896875 0.684375 0.898438 0.685937 0.900000 0.687500 0.900000 0.689063 0.901563 0.690625 0.901563 0.693750 0.904687 0.695312 0.904687 0.696875 0.906250 0.706250 0.906250 0.707812 0.904687 0.712500 0.904687 0.714063 0.903125 0.717187 0.903125 0.721875 0.898438 0.723437 0.898438 0.725000 0.896875 0.725000 0.860938 0.723437 0.859375 0.723437 0.857812 0.720313 0.854688 0.720313 0.846875 0.725000 0.842187 0.725000 0.840625 0.726562 0.839063 0.728125 0.839063 0.729688 0.840625 0.729688 0.842187 0.731250 0.843750 0.732812 0.842187 0.740625 0.842187 0.740625 0.839063 0.742188 0.837500 0.743750 0.837500 0.745313 0.835938 0.745313 0.834375 0.746875 0.832812 0.746875 0.831250 0.751563 0.826562 0.751563 0.825000 0.753125 0.823438 0.753125 0.821875 0.754687 0.820312 0.753125 0.818750 0.753125 0.817187 0.754687 0.815625 0.756250 0.815625 0.757812 0.814063 0.765625 0.814063 0.767188 0.812500 0.779687 0.812500 0.781250 0.810937 0.782813 0.810937 0.784375 0.809375 0.789062 0.809375 0.790625 0.807813 0.796875 0.807813 0.798438 0.806250 0.800000 0.806250 0.803125 0.803125 0.806250 0.806250 0.806250 0.807813 0.810937 0.807813 0.812500 0.809375 0.815625 0.809375 0.817187 0.810937 0.818750 0.810937 0.820312 0.809375 0.821875 0.809375 0.823438 0.810937 0.823438 0.812500 0.825000 0.814063 0.825000 0.834375 0.828125 0.837500 0.828125 0.845313 0.829688 0.845313 0.831250 0.846875 0.832812 0.845313 0.842187 0.845313 0.843750 0.846875 0.845313 0.846875 0.846875 0.848437 0.848437 0.848437 0.850000 0.850000 0.854688 0.850000 0.856250 0.851562 0.857812 0.851562 0.862500 0.856250 0.862500 0.860938 0.864062 0.862500 0.873437 0.862500 0.873437 0.860938 0.875000 0.859375 0.876563 0.859375 0.881250 0.854688 0.881250 0.853125 0.882812 0.851562 0.884375 0.851562 0.885938 0.850000 0.890625 0.850000 0.892188 0.848437 0.893750 0.848437 0.896875 0.845313 0.898438 0.845313 0.900000 0.843750 0.901563 0.843750 0.907813 0.837500 0.909375 0.837500 0.910937 0.835938 0.912500 0.835938 0.914062 0.834375 0.917188 0.834375 0.918750 0.832812 0.920312 0.832812 0.923438 0.829688 0.925000 0.829688 0.928125 0.826562 0.928125 0.825000 0.929688 0.823438 0.931250 0.823438 0.940625 0.814063 0.943750 0.814063 0.945312 0.812500 0.946875 0.812500 0.950000 0.809375 0.951562 0.809375 0.953125 0.807813 0.953125 0.806250 0.956250 0.803125 0.956250 0.801562 0.957812 0.800000 0.957812 0.796875 0.959375 0.795312 0.959375 0.790625 0.962500 0.787500 0.962500 0.785937 0.965625 0.782813 0.967187 0.782813 0.970313 0.779687 0.971875 0.779687 0.971875 0.778125 0.975000 0.775000 0.975000 0.773438 0.979688 0.768750 0.979688 0.767188 0.981250 0.765625 0.981250 0.762500 0.982812 0.760938 0.982812 0.751563 0.984375 0.750000 0.984375 0.740625 0.985938 0.739062 0.985938 0.735938 0.987500 0.734375 0.987500 0.732812 0.989062 0.731250 0.989062 0.729688 0.990625 0.728125 0.990625 0.726562 0.992188 0.725000 0.992188 0.720313 0.993750 0.718750 0.993750 0.717187 0.995313 0.715625 0.995313 0.709375 0.996875 0.707812 0.996875 0.679688 0.998437 0.678125 0.998437 0.670312 0.996875 0.668750 0.996875 0.626563 0.998437 0.625000 0.998437 0.525000 0.996875 0.523438 0.996875 0.521875 0.998437 0.520312 0.998437 0.517188 0.996875 0.515625 0.996875 0.506250 0.995313 0.504687 0.995313 0.501563 0.993750 0.500000 0.993750 0.493750 0.992188 0.492188 0.992188 0.489063 0.990625 0.487500 0.990625 0.485938 0.982812 0.478125 0.982812 0.476562 0.978125 0.471875 0.978125 0.470313 0.975000 0.467187 0.975000 0.465625 0.967187 0.457813 0.967187 0.456250 0.965625 0.454688 0.965625 0.453125 0.962500 0.450000 0.962500 0.448437 0.960938 0.446875 0.960938 0.445312 0.959375 0.443750 0.959375 0.442188 0.957812 0.440625 0.957812 0.439063 0.956250 0.437500 0.956250 0.435937 0.954688 0.434375 0.954688 0.432812 0.951562 0.429688 0.951562 0.428125 0.950000 0.426563 0.950000 0.425000 0.943750 0.418750 0.943750 0.417187 0.935937 0.409375 0.935937 0.407813 0.928125 0.400000 0.928125 0.398438 0.925000 0.395313 0.925000 0.393750 0.918750 0.387500 0.918750 0.385937 0.912500 0.379688 0.912500 0.378125 0.910937 0.378125 0.909375 0.376563 0.909375 0.375000 0.907813 0.375000 0.906250 0.373437 0.906250 0.371875 0.903125 0.368750 0.903125 0.367188 0.901563 0.365625 0.901563 0.364063 0.900000 0.362500 0.900000 0.360938 0.896875 0.357812 0.896875 0.356250 0.892188 0.351562 0.890625 0.351562 0.881250 0.342187 0.881250 0.340625 0.864062 0.323437 0.864062 0.321875 0.862500 0.320312 0.860938 0.320312 0.853125 0.312500 0.851562 0.312500 0.850000 0.310937 0.850000 0.309375 0.848437 0.309375 0.837500 0.298438 0.837500 0.296875 0.831250 0.290625 0.831250 0.289062 0.823438 0.281250 0.821875 0.281250 0.815625 0.275000 0.814063 0.275000 0.807813 0.268750 0.804688 0.268750 0.800000 0.264062 0.798438 0.264062 0.795312 0.260937 0.795312 0.259375 0.790625 0.254688 0.790625 0.253125 0.789062 0.251563 0.789062 0.250000 0.784375 0.245312 0.784375 0.243750 0.782813 0.243750 0.778125 0.239063 0.776563 0.239063 0.770312 0.232813 0.768750 0.232813 0.760938 0.225000 0.759375 0.225000 0.756250 0.221875 0.754687 0.221875 0.753125 0.220312 0.751563 0.220312 0.743750 0.212500 0.739062 0.212500 0.735938 0.209375 0.735938 0.207813 0.734375 0.206250 0.735938 0.204687 0.740625 0.204687 0.740625 0.203125 0.739062 0.201563 0.739062 0.198437 0.735938 0.195312 0.734375 0.195312 0.732812 0.193750 0.732812 0.185938 0.734375 0.184375 0.735938 0.185938 0.737500 0.185938 0.740625 0.182812 0.740625 0.181250 0.743750 0.178125 0.743750 0.175000 0.742188 0.175000 0.739062 0.171875 0.740625 0.170313 0.743750 0.170313 0.745313 0.168750 0.746875 0.168750 0.746875 0.167187 0.745313 0.165625 0.750000 0.160938 0.751563 0.160938 0.753125 0.159375 0.753125 0.156250 0.754687 0.154688 0.757812 0.154688 0.759375 0.156250 0.760938 0.156250 0.765625 0.151562 0.767188 0.153125 0.767188 0.156250 0.770312 0.156250 0.771875 0.154688 0.773438 0.154688 0.778125 0.159375 0.779687 0.159375 0.779687 0.154688 0.781250 0.153125 0.781250 0.150000 0.782813 0.148438 0.784375 0.150000 0.784375 0.151562 0.789062 0.156250 0.790625 0.156250 0.792188 0.157812 0.793750 0.157812 0.795312 0.156250 0.798438 0.156250 0.800000 0.157812 0.798438 0.159375 0.798438 0.162500 0.800000 0.164062 0.800000 0.157812 0.801562 0.156250 0.803125 0.156250 0.804688 0.154688 0.806250 0.154688 0.807813 0.153125 0.809375 0.154688 0.810937 0.154688 0.814063 0.157812 0.815625 0.157812 0.817187 0.156250 0.823438 0.162500 0.825000 0.162500 0.828125 0.165625 0.828125 0.167187 0.829688 0.168750 0.829688 0.173437 0.831250 0.175000 0.832812 0.175000 0.834375 0.173437 0.834375 0.170313 0.835938 0.168750 0.837500 0.168750 0.834375 0.165625 0.834375 0.162500 0.835938 0.160938 0.835938 0.156250 0.837500 0.154688 0.839063 0.154688 0.840625 0.153125 0.843750 0.153125 0.846875 0.156250 0.846875 0.157812 0.842187 0.162500 0.842187 0.165625 0.843750 0.167187 0.843750 0.168750 0.846875 0.168750 0.848437 0.170313 0.848437 0.175000 0.853125 0.175000 0.856250 0.178125 0.856250 0.179688 0.854688 0.181250 0.854688 0.182812 0.859375 0.182812 0.859375 0.181250 0.857812 0.179688 0.857812 0.178125 0.859375 0.176563 0.862500 0.176563 0.864062 0.175000 0.867188 0.175000 0.870313 0.178125 0.870313 0.184375 0.873437 0.187500 0.875000 0.187500 0.876563 0.189062 0.879687 0.189062 0.882812 0.192188 0.884375 0.190625 0.887500 0.190625 0.889062 0.189062 0.889062 0.187500 0.890625 0.185938 0.889062 0.185938 0.887500 0.187500 0.882812 0.187500 0.881250 0.189062 0.879687 0.189062 0.878125 0.187500 0.878125 0.181250 0.876563 0.179688 0.876563 0.178125 0.879687 0.175000 0.881250 0.175000 0.882812 0.176563 0.885938 0.176563 0.887500 0.175000 0.892188 0.175000 0.892188 0.171875 0.898438 0.165625 0.898438 0.164062 0.900000 0.162500 0.901563 0.162500 0.903125 0.164062 0.903125 0.167187 0.904687 0.167187 0.906250 0.168750 0.906250 0.171875 0.907813 0.173437 0.907813 0.175000 0.910937 0.178125 0.910937 0.182812 0.907813 0.185938 0.904687 0.185938 0.903125 0.187500 0.903125 0.189062 0.904687 0.190625 0.904687 0.193750 0.909375 0.198437 0.909375 0.204687 0.907813 0.206250 0.907813 0.210938 0.909375 0.212500 0.909375 0.217188 0.910937 0.218750 0.910937 0.221875 0.909375 0.223438 0.907813 0.223438 0.907813 0.225000 0.909375 0.225000 0.910937 0.226562 0.912500 0.226562 0.914062 0.225000 0.915625 0.226562 0.917188 0.226562 0.920312 0.229687 0.920312 0.231250 0.917188 0.234375 0.914062 0.234375 0.912500 0.232813 0.912500 0.229687 0.910937 0.229687 0.909375 0.231250 0.907813 0.231250 0.904687 0.234375 0.903125 0.232813 0.896875 0.232813 0.893750 0.235937 0.892188 0.235937 0.892188 0.237500 0.893750 0.239063 0.895312 0.239063 0.896875 0.237500 0.898438 0.237500 0.900000 0.239063 0.901563 0.239063 0.903125 0.237500 0.904687 0.237500 0.906250 0.235937 0.912500 0.235937 0.914062 0.234375 0.917188 0.234375 0.920312 0.237500 0.931250 0.237500 0.932813 0.235937 0.932813 0.234375 0.935937 0.231250 0.940625 0.231250 0.942187 0.229687 0.943750 0.229687 0.945312 0.228125 0.948438 0.228125 0.953125 0.232813 0.953125 0.234375 0.953125 0.229687 0.954688 0.228125 0.954688 0.220312 0.956250 0.218750 0.959375 0.218750 0.960938 0.217188 0.964063 0.217188 0.964063 0.209375 0.967187 0.206250 0.964063 0.203125 0.965625 0.201563 0.965625 0.200000 0.967187 0.198437 0.967187 0.190625 0.968750 0.189062 0.968750 0.187500 0.970313 0.185938 0.971875 0.185938 0.973437 0.184375 0.973437 0.181250 0.975000 0.179688 0.975000 0.176563 0.976562 0.175000 0.976562 0.171875 0.978125 0.170313 0.978125 0.157812 0.979688 0.156250 0.979688 0.151562 0.981250 0.150000 0.981250 0.139063 0.978125 0.135937 0.978125 0.134375 0.976562 0.132812 0.976562 0.131250 0.975000 0.129688 0.976562 0.128125 0.976562 0.123438 0.978125 0.121875 0.978125 0.117188 0.979688 0.115625 0.979688 0.114062 0.981250 0.112500 0.981250 0.085938 0.979688 0.084375 0.979688 0.076563 0.978125 0.075000 0.978125 0.073438 0.979688 0.071875 0.978125 0.070312 0.978125 0.062500 0.976562 0.060937 0.976562 0.059375 0.975000 0.057813 0.975000 0.051562 0.973437 0.050000 0.973437 0.048438 0.971875 0.046875 0.971875 0.045312 0.970313 0.043750 0.970313 0.042188 0.967187 0.039062 0.967187 0.037500 0.964063 0.034375 0.962500 0.034375 0.959375 0.031250 0.957812 0.031250 0.956250 0.029687 0.954688 0.029687 0.953125 0.028125 0.951562 0.028125 0.948438 0.025000 0.946875 0.025000 0.943750 0.021875 0.942187 0.021875 0.939063 0.018750 0.939063 0.017188 0.937500 0.015625 0.935937 0.015625 0.934375 0.014063 0.932813 0.014063 0.931250 0.012500 0.929688 0.012500 0.928125 0.010937 0.921875 0.010937 0.920312 0.009375 0.917188 0.009375 0.915625 0.007812 0.909375 0.007812 0.907813 0.006250 0.900000 0.006250 0.898438 0.004687 0.889062 0.004687 0.887500 0.006250 0.875000 0.006250 0.873437 0.004687 0.870313 0.004687 0.868750 0.003125 0.853125 0.003125 0.851562 0.001563 0.851562 0.000000 0.848437 0.000000 0.848437 0.001563 0.846875 0.003125 0.834375 0.003125 0.831250 0.000000
